   0.00000216    -0.224
   0.00000218    -0.208
    0.0000022      -0.2
   0.00000222    -0.176
   0.00000224     -0.16
   0.00000226    -0.144
   0.00000228    -0.136
    0.0000023     -0.12
   0.00000232    -0.104
   0.00000234    -0.088
   0.00000236    -0.072
   0.00000238    -0.056
    0.0000024     -0.04
   0.00000242    -0.024
   0.00000244    -0.008
   0.00000246     0.008
   0.00000248     0.024
    0.0000025     0.032
   0.00000252     0.048
   0.00000254     0.064
   0.00000256      0.08
   0.00000258     0.096
    0.0000026     0.104
   0.00000262      0.12
   0.00000264     0.136
   0.00000266     0.152
   0.00000268     0.168
    0.0000027     0.184
   0.00000272       0.2
   0.00000274     0.208
   0.00000276     0.224
   0.00000278      0.24
    0.0000028     0.256
   0.00000282     0.264
   0.00000284      0.28
   0.00000286     0.296
   0.00000288     0.312
    0.0000029      0.32
   0.00000292     0.336
   0.00000294     0.344
   0.00000296      0.36
   0.00000298     0.376
     0.000003     0.384
   0.00000302       0.4
   0.00000304     0.408
   0.00000306     0.424
   0.00000308      0.44
    0.0000031     0.448
   0.00000312     0.464
   0.00000314     0.472
   0.00000316     0.488
   0.00000318     0.504
    0.0000032     0.512
   0.00000322      0.52
   0.00000324     0.536
   0.00000326     0.544
   0.00000328     0.552
    0.0000033     0.568
   0.00000332     0.584
   0.00000334     0.592
   0.00000336       0.6
   0.00000338     0.608
    0.0000034     0.616
   0.00000342     0.632
   0.00000344      0.64
   0.00000346     0.656
   0.00000348     0.664
    0.0000035     0.672
   0.00000352      0.68
   0.00000354     0.688
   0.00000356     0.696
   0.00000358     0.712
    0.0000036      0.72
   0.00000362     0.728
   0.00000364     0.736
   0.00000366     0.744
   0.00000368     0.752
    0.0000037      0.76
   0.00000372     0.768
   0.00000374     0.776
   0.00000376     0.784
   0.00000378     0.792
    0.0000038       0.8
   0.00000382     0.808
   0.00000384     0.816
   0.00000386     0.824
   0.00000388     0.824
    0.0000039     0.832
   0.00000392      0.84
   0.00000394     0.848
   0.00000396     0.856
   0.00000398     0.856
     0.000004     0.864
   0.00000402     0.872
   0.00000404      0.88
   0.00000406      0.88
   0.00000408      0.88
    0.0000041     0.888
   0.00000412     0.896
   0.00000414     0.896
   0.00000416     0.904
   0.00000418     0.904
    0.0000042     0.912
   0.00000422      0.92
   0.00000424      0.92
   0.00000426      0.92
   0.00000428     0.928
    0.0000043     0.928
   0.00000432     0.936
   0.00000434     0.936
   0.00000436     0.936
   0.00000438     0.944
    0.0000044     0.944
   0.00000442     0.944
   0.00000444     0.952
   0.00000446     0.952
   0.00000448     0.952
    0.0000045      0.96
   0.00000452     0.952
   0.00000454      0.96
   0.00000456      0.96
   0.00000458      0.96
    0.0000046      0.96
   0.00000462      0.96
   0.00000464      0.96
   0.00000466      0.96
   0.00000468     0.968
    0.0000047      0.96
   0.00000472      0.96
   0.00000474     0.968
   0.00000476      0.96
   0.00000478      0.96
    0.0000048      0.96
   0.00000482      0.96
   0.00000484      0.96
   0.00000486      0.96
   0.00000488      0.96
    0.0000049      0.96
   0.00000492     0.952
   0.00000494     0.952
   0.00000496     0.952
   0.00000498     0.952
     0.000005     0.952
   0.00000502     0.944
   0.00000504     0.944
   0.00000506     0.944
   0.00000508     0.936
    0.0000051     0.936
   0.00000512     0.936
   0.00000514     0.928
   0.00000516     0.928
   0.00000518      0.92
    0.0000052      0.92
   0.00000522     0.912
   0.00000524     0.912
   0.00000526     0.904
   0.00000528     0.904
    0.0000053     0.896
   0.00000532     0.896
   0.00000534     0.888
   0.00000536      0.88
   0.00000538      0.88
    0.0000054     0.872
   0.00000542     0.872
   0.00000544     0.864
   0.00000546     0.856
   0.00000548     0.856
    0.0000055     0.848
   0.00000552      0.84
   0.00000554      0.84
   0.00000556     0.832
   0.00000558     0.824
    0.0000056     0.816
   0.00000562     0.816
   0.00000564     0.808
   0.00000566       0.8
   0.00000568     0.792
    0.0000057     0.792
   0.00000572     0.784
   0.00000574     0.776
   0.00000576     0.768
   0.00000578      0.76
    0.0000058     0.752
   0.00000582     0.744
   0.00000584     0.736
   0.00000586     0.728
   0.00000588      0.72
    0.0000059     0.712
   0.00000592     0.704
   0.00000594     0.696
   0.00000596     0.688
   0.00000598      0.68
     0.000006     0.672
   0.00000602     0.664
   0.00000604     0.656
   0.00000606     0.648
   0.00000608      0.64
    0.0000061     0.632
   0.00000612     0.624
   0.00000614     0.616
   0.00000616     0.608
   0.00000618       0.6
    0.0000062     0.592
   0.00000622     0.576
   0.00000624     0.576
   0.00000626      0.56
   0.00000628     0.552
    0.0000063     0.544
   0.00000632     0.536
   0.00000634     0.528
   0.00000636      0.52
   0.00000638     0.504
    0.0000064     0.496
   0.00000642      0.48
   0.00000644      0.48
   0.00000646     0.464
   0.00000648     0.456
    0.0000065     0.448
   0.00000652      0.44
   0.00000654     0.424
   0.00000656     0.416
   0.00000658     0.408
    0.0000066       0.4
   0.00000662     0.384
   0.00000664     0.376
   0.00000666     0.368
   0.00000668      0.36
    0.0000067     0.344
   0.00000672     0.336
   0.00000674     0.328
   0.00000676     0.312
   0.00000678     0.304
    0.0000068     0.296
   0.00000682     0.288
   0.00000684      0.28
   0.00000686     0.264
   0.00000688     0.256
    0.0000069      0.24
   0.00000692      0.24
   0.00000694     0.224
   0.00000696     0.216
   0.00000698       0.2
     0.000007     0.192
   0.00000702     0.184
   0.00000704     0.176
   0.00000706      0.16
   0.00000708     0.152
    0.0000071     0.144
   0.00000712     0.128
   0.00000714      0.12
   0.00000716     0.112
   0.00000718     0.104
    0.0000072     0.088
   0.00000722      0.08
   0.00000724     0.072
   0.00000726     0.064
   0.00000728     0.048
    0.0000073      0.04
   0.00000732     0.032
   0.00000734     0.024
   0.00000736     0.008
   0.00000738         0
    0.0000074    -0.008
   0.00000742    -0.016
   0.00000744    -0.032
   0.00000746     -0.04
   0.00000748    -0.048
    0.0000075    -0.056
   0.00000752    -0.072
   0.00000754     -0.08
   0.00000756    -0.088
   0.00000758    -0.096
    0.0000076    -0.104
   0.00000762    -0.112
   0.00000764    -0.128
   0.00000766    -0.136
   0.00000768    -0.144
    0.0000077    -0.152
   0.00000772     -0.16
   0.00000774    -0.168
   0.00000776    -0.176
   0.00000778    -0.184
    0.0000078      -0.2
   0.00000782    -0.208
   0.00000784    -0.216
   0.00000786    -0.224
   0.00000788    -0.232
    0.0000079     -0.24
   0.00000792    -0.248
   0.00000794    -0.256
   0.00000796    -0.264
   0.00000798    -0.272
     0.000008     -0.28
   0.00000802    -0.288
   0.00000804    -0.296
   0.00000806    -0.304
   0.00000808     -0.32
    0.0000081     -0.32
   0.00000812    -0.328
   0.00000814    -0.336
   0.00000816    -0.344
   0.00000818    -0.352
    0.0000082     -0.36
   0.00000822    -0.368
   0.00000824    -0.376
   0.00000826    -0.384
   0.00000828    -0.384
    0.0000083    -0.392
   0.00000832      -0.4
   0.00000834    -0.408
   0.00000836    -0.416
   0.00000838    -0.424
    0.0000084    -0.432
   0.00000842    -0.432
   0.00000844     -0.44
   0.00000846    -0.448
   0.00000848    -0.456
    0.0000085    -0.456
   0.00000852    -0.464
   0.00000854    -0.472
   0.00000856    -0.472
   0.00000858     -0.48
    0.0000086    -0.488
   0.00000862    -0.496
   0.00000864    -0.496
   0.00000866    -0.504
   0.00000868    -0.504
    0.0000087    -0.512
   0.00000872     -0.52
   0.00000874     -0.52
   0.00000876    -0.528
   0.00000878    -0.528
    0.0000088    -0.536
   0.00000882    -0.544
   0.00000884    -0.544
   0.00000886    -0.552
   0.00000888    -0.552
    0.0000089     -0.56
   0.00000892     -0.56
   0.00000894    -0.568
   0.00000896    -0.568
   0.00000898    -0.568
     0.000009    -0.576
   0.00000902    -0.576
   0.00000904    -0.584
   0.00000906    -0.584
   0.00000908    -0.592
    0.0000091    -0.592
   0.00000912    -0.592
   0.00000914    -0.592
   0.00000916    -0.592
   0.00000918      -0.6
    0.0000092      -0.6
   0.00000922    -0.608
   0.00000924    -0.608
   0.00000926    -0.608
   0.00000928    -0.608
    0.0000093    -0.616
   0.00000932    -0.616
   0.00000934    -0.616
   0.00000936    -0.616
   0.00000938    -0.616
    0.0000094    -0.624
   0.00000942    -0.624
   0.00000944    -0.624
   0.00000946    -0.624
   0.00000948    -0.624
    0.0000095    -0.624
   0.00000952    -0.624
   0.00000954    -0.624
   0.00000956    -0.624
   0.00000958    -0.624
    0.0000096    -0.624
   0.00000962    -0.624
   0.00000964    -0.624
   0.00000966    -0.624
   0.00000968    -0.624
    0.0000097    -0.624
   0.00000972    -0.624
   0.00000974    -0.624
   0.00000976    -0.624
   0.00000978    -0.624
    0.0000098    -0.624
   0.00000982    -0.624
   0.00000984    -0.624
   0.00000986    -0.624
   0.00000988    -0.616
    0.0000099    -0.616
   0.00000992    -0.616
   0.00000994    -0.616
   0.00000996    -0.616
   0.00000998    -0.616
      0.00001    -0.608
   0.00001002    -0.608
   0.00001004    -0.608
   0.00001006    -0.608
   0.00001008      -0.6
    0.0000101      -0.6
   0.00001012      -0.6
   0.00001014      -0.6
   0.00001016    -0.592
   0.00001018    -0.592
    0.0000102    -0.592
   0.00001022    -0.584
   0.00001024    -0.584
   0.00001026    -0.576
   0.00001028    -0.576
    0.0000103    -0.576
   0.00001032    -0.568
   0.00001034    -0.568
   0.00001036     -0.56
   0.00001038     -0.56
    0.0000104    -0.552
   0.00001042    -0.552
   0.00001044    -0.552
   0.00001046    -0.544
   0.00001048    -0.544
    0.0000105    -0.536
   0.00001052    -0.536
   0.00001054    -0.528
   0.00001056    -0.528
   0.00001058     -0.52
    0.0000106     -0.52
   0.00001062    -0.512
   0.00001064    -0.504
   0.00001066    -0.504
   0.00001068    -0.496
    0.0000107    -0.496
   0.00001072    -0.488
   0.00001074    -0.488
   0.00001076     -0.48
   0.00001078     -0.48
    0.0000108    -0.472
   0.00001082    -0.464
   0.00001084    -0.464
   0.00001086    -0.456
   0.00001088    -0.448
    0.0000109     -0.44
   0.00001092     -0.44
   0.00001094    -0.432
   0.00001096    -0.432
   0.00001098    -0.424
     0.000011    -0.416
   0.00001102    -0.408
   0.00001104    -0.408
   0.00001106      -0.4
   0.00001108    -0.392
    0.0000111    -0.392
   0.00001112    -0.384
   0.00001114    -0.384
   0.00001116    -0.376
   0.00001118    -0.368
    0.0000112     -0.36
   0.00001122    -0.352
   0.00001124    -0.344
   0.00001126    -0.344
   0.00001128    -0.336
    0.0000113    -0.328
   0.00001132     -0.32
   0.00001134     -0.32
   0.00001136    -0.312
   0.00001138    -0.304
    0.0000114    -0.296
   0.00001142    -0.296
   0.00001144    -0.288
   0.00001146     -0.28
   0.00001148    -0.272
    0.0000115    -0.264
   0.00001152    -0.256
   0.00001154    -0.256
   0.00001156    -0.248
   0.00001158     -0.24
    0.0000116    -0.232
   0.00001162    -0.224
   0.00001164    -0.216
   0.00001166    -0.216
   0.00001168    -0.208
    0.0000117      -0.2
   0.00001172    -0.192
   0.00001174    -0.184
   0.00001176    -0.176
   0.00001178    -0.176
    0.0000118    -0.168
   0.00001182     -0.16
   0.00001184    -0.152
   0.00001186    -0.144
   0.00001188    -0.144
    0.0000119    -0.136
   0.00001192    -0.128
   0.00001194     -0.12
   0.00001196    -0.112
   0.00001198    -0.104
     0.000012    -0.104
   0.00001202    -0.096
   0.00001204    -0.088
   0.00001206     -0.08
   0.00001208    -0.072
    0.0000121    -0.064
   0.00001212    -0.064
   0.00001214    -0.056
   0.00001216    -0.048
   0.00001218     -0.04
    0.0000122    -0.032
   0.00001222    -0.024
   0.00001224    -0.016
   0.00001226    -0.016
   0.00001228    -0.008
    0.0000123         0
   0.00001232     0.008
   0.00001234     0.016
   0.00001236     0.024
   0.00001238     0.024
    0.0000124     0.032
   0.00001242      0.04
   0.00001244      0.04
   0.00001246     0.048
   0.00001248     0.056
    0.0000125     0.064
   0.00001252     0.072
   0.00001254      0.08
   0.00001256      0.08
   0.00001258     0.088
    0.0000126     0.096
   0.00001262     0.096
   0.00001264     0.104
   0.00001266     0.112
   0.00001268      0.12
    0.0000127     0.128
   0.00001272     0.128
   0.00001274     0.136
   0.00001276     0.144
   0.00001278     0.144
    0.0000128     0.152
   0.00001282      0.16
   0.00001284     0.168
   0.00001286     0.168
   0.00001288     0.176
    0.0000129     0.176
   0.00001292     0.184
   0.00001294     0.192
   0.00001296       0.2
   0.00001298       0.2
     0.000013     0.208
   0.00001302     0.216
   0.00001304     0.216
   0.00001306     0.224
   0.00001308     0.232
    0.0000131     0.232
   0.00001312      0.24
   0.00001314      0.24
   0.00001316     0.248
   0.00001318     0.256
    0.0000132     0.256
   0.00001322     0.264
   0.00001324     0.264
   0.00001326     0.272
   0.00001328     0.272
    0.0000133      0.28
   0.00001332      0.28
   0.00001334     0.288
   0.00001336     0.288
   0.00001338     0.296
    0.0000134     0.296
   0.00001342     0.304
   0.00001344     0.304
   0.00001346     0.312
   0.00001348      0.32
    0.0000135      0.32
   0.00001352      0.32
   0.00001354     0.328
   0.00001356     0.328
   0.00001358     0.336
    0.0000136     0.336
   0.00001362     0.336
   0.00001364     0.344
   0.00001366     0.344
   0.00001368     0.352
    0.0000137     0.352
   0.00001372     0.352
   0.00001374      0.36
   0.00001376      0.36
   0.00001378      0.36
    0.0000138     0.368
   0.00001382     0.368
   0.00001384     0.368
   0.00001386     0.376
   0.00001388     0.376
    0.0000139     0.376
   0.00001392     0.376
   0.00001394     0.384
   0.00001396     0.384
   0.00001398     0.384
     0.000014     0.392
   0.00001402     0.392
   0.00001404     0.392
   0.00001406     0.392
   0.00001408       0.4
    0.0000141       0.4
   0.00001412       0.4
   0.00001414       0.4
   0.00001416       0.4
   0.00001418       0.4
    0.0000142     0.408
   0.00001422     0.408
   0.00001424     0.408
   0.00001426     0.408
   0.00001428     0.408
    0.0000143     0.408
   0.00001432     0.408
   0.00001434     0.408
   0.00001436     0.416
   0.00001438     0.416
    0.0000144     0.416
   0.00001442     0.416
   0.00001444     0.416
   0.00001446     0.416
   0.00001448     0.416
    0.0000145     0.416
   0.00001452     0.416
   0.00001454     0.416
   0.00001456     0.416
   0.00001458     0.416
    0.0000146     0.416
   0.00001462     0.416
   0.00001464     0.416
   0.00001466     0.416
   0.00001468     0.408
    0.0000147     0.416
   0.00001472     0.416
   0.00001474     0.408
   0.00001476     0.408
   0.00001478     0.408
    0.0000148     0.408
   0.00001482     0.408
   0.00001484     0.408
   0.00001486     0.408
   0.00001488     0.408
    0.0000149     0.408
   0.00001492       0.4
   0.00001494       0.4
   0.00001496       0.4
   0.00001498       0.4
     0.000015       0.4
   0.00001502     0.392
   0.00001504     0.392
   0.00001506     0.392
   0.00001508     0.392
    0.0000151     0.392
   0.00001512     0.384
   0.00001514     0.384
   0.00001516     0.384
   0.00001518     0.376
    0.0000152     0.384
   0.00001522     0.376
   0.00001524     0.376
   0.00001526     0.368
   0.00001528     0.368
    0.0000153     0.368
   0.00001532     0.368
   0.00001534      0.36
   0.00001536      0.36
   0.00001538      0.36
    0.0000154     0.352
   0.00001542     0.352
   0.00001544     0.352
   0.00001546     0.344
   0.00001548     0.344
    0.0000155     0.344
   0.00001552     0.336
   0.00001554     0.336
   0.00001556     0.328
   0.00001558     0.328
    0.0000156     0.328
   0.00001562      0.32
   0.00001564      0.32
   0.00001566     0.312
   0.00001568     0.312
    0.0000157     0.312
   0.00001572     0.304
   0.00001574     0.304
   0.00001576     0.296
   0.00001578     0.296
    0.0000158     0.296
   0.00001582     0.288
   0.00001584     0.288
   0.00001586      0.28
   0.00001588      0.28
    0.0000159     0.272
   0.00001592     0.272
   0.00001594     0.264
   0.00001596     0.264
   0.00001598     0.256
     0.000016     0.256
   0.00001602     0.248
   0.00001604     0.248
   0.00001606     0.248
   0.00001608      0.24
    0.0000161     0.232
   0.00001612     0.232
   0.00001614     0.224
   0.00001616     0.224
   0.00001618     0.224
    0.0000162     0.216
   0.00001622     0.208
   0.00001624     0.208
   0.00001626       0.2
   0.00001628       0.2
    0.0000163     0.192
   0.00001632     0.192
   0.00001634     0.184
   0.00001636     0.184
   0.00001638     0.176
    0.0000164     0.176
   0.00001642     0.168
   0.00001644      0.16
   0.00001646      0.16
   0.00001648      0.16
    0.0000165     0.152
   0.00001652     0.144
   0.00001654     0.144
   0.00001656     0.136
   0.00001658     0.136
    0.0000166     0.128
   0.00001662     0.128
   0.00001664      0.12
   0.00001666      0.12
   0.00001668     0.112
    0.0000167     0.104
   0.00001672     0.104
   0.00001674     0.096
   0.00001676     0.096
   0.00001678     0.088
    0.0000168     0.088
   0.00001682      0.08
   0.00001684      0.08
   0.00001686     0.072
   0.00001688     0.072
    0.0000169     0.064
   0.00001692     0.056
   0.00001694     0.056
   0.00001696     0.048
   0.00001698     0.048
     0.000017      0.04
   0.00001702      0.04
   0.00001704     0.032
   0.00001706     0.024
   0.00001708     0.024
    0.0000171     0.024
   0.00001712     0.016
   0.00001714     0.008
   0.00001716     0.008
   0.00001718         0
    0.0000172         0
   0.00001722    -0.008
   0.00001724    -0.008
   0.00001726    -0.016
   0.00001728    -0.016
    0.0000173    -0.024
   0.00001732    -0.032
   0.00001734    -0.032
   0.00001736    -0.032
   0.00001738     -0.04
    0.0000174    -0.048
   0.00001742    -0.048
   0.00001744    -0.048
   0.00001746    -0.056
   0.00001748    -0.056
    0.0000175    -0.064
   0.00001752    -0.064
   0.00001754    -0.072
   0.00001756    -0.072
   0.00001758     -0.08
    0.0000176    -0.088
   0.00001762    -0.088
   0.00001764    -0.088
   0.00001766    -0.096
   0.00001768    -0.104
    0.0000177    -0.104
   0.00001772    -0.104
   0.00001774    -0.112
   0.00001776    -0.112
   0.00001778    -0.112
    0.0000178     -0.12
   0.00001782    -0.128
   0.00001784    -0.128
   0.00001786    -0.128
   0.00001788    -0.136
    0.0000179    -0.136
   0.00001792    -0.144
   0.00001794    -0.144
   0.00001796    -0.144
   0.00001798    -0.152
     0.000018    -0.152
   0.00001802     -0.16
   0.00001804     -0.16
   0.00001806    -0.168
   0.00001808    -0.168
    0.0000181    -0.168
   0.00001812    -0.176
   0.00001814    -0.176
   0.00001816    -0.176
   0.00001818    -0.184
    0.0000182    -0.184
   0.00001822    -0.192
   0.00001824    -0.184
   0.00001826    -0.192
   0.00001828    -0.192
    0.0000183      -0.2
   0.00001832      -0.2
   0.00001834      -0.2
   0.00001836    -0.208
   0.00001838    -0.208
    0.0000184    -0.208
   0.00001842    -0.216
   0.00001844    -0.216
   0.00001846    -0.216
   0.00001848    -0.216
    0.0000185    -0.224
   0.00001852    -0.224
   0.00001854    -0.224
   0.00001856    -0.232
   0.00001858    -0.232
    0.0000186    -0.232
   0.00001862    -0.232
   0.00001864     -0.24
   0.00001866     -0.24
   0.00001868     -0.24
    0.0000187     -0.24
   0.00001872     -0.24
   0.00001874    -0.248
   0.00001876    -0.248
   0.00001878    -0.248
    0.0000188    -0.248
   0.00001882    -0.248
   0.00001884    -0.256
   0.00001886    -0.256
   0.00001888    -0.256
    0.0000189    -0.256
   0.00001892    -0.256
   0.00001894    -0.256
   0.00001896    -0.264
   0.00001898    -0.264
     0.000019    -0.264
   0.00001902    -0.264
   0.00001904    -0.264
   0.00001906    -0.264
   0.00001908    -0.264
    0.0000191    -0.264
   0.00001912    -0.264
   0.00001914    -0.264
   0.00001916    -0.264
   0.00001918    -0.272
    0.0000192    -0.272
   0.00001922    -0.272
   0.00001924    -0.272
   0.00001926    -0.272
   0.00001928    -0.272
    0.0000193    -0.272
   0.00001932    -0.272
   0.00001934    -0.272
   0.00001936    -0.272
   0.00001938    -0.272
    0.0000194    -0.272
   0.00001942    -0.272
   0.00001944    -0.272
   0.00001946    -0.272
   0.00001948    -0.272
    0.0000195    -0.272
   0.00001952    -0.272
   0.00001954    -0.272
   0.00001956    -0.272
   0.00001958    -0.272
    0.0000196    -0.272
   0.00001962    -0.272
   0.00001964    -0.272
   0.00001966    -0.272
   0.00001968    -0.272
    0.0000197    -0.272
   0.00001972    -0.264
   0.00001974    -0.264
   0.00001976    -0.264
   0.00001978    -0.264
    0.0000198    -0.264
   0.00001982    -0.264
   0.00001984    -0.264
   0.00001986    -0.264
   0.00001988    -0.264
    0.0000199    -0.264
   0.00001992    -0.264
   0.00001994    -0.256
   0.00001996    -0.256
   0.00001998    -0.256
      0.00002    -0.256
   0.00002002    -0.256
   0.00002004    -0.256
   0.00002006    -0.248
   0.00002008    -0.248
    0.0000201    -0.248
   0.00002012    -0.248
   0.00002014    -0.248
   0.00002016     -0.24
   0.00002018     -0.24
    0.0000202     -0.24
   0.00002022     -0.24
   0.00002024     -0.24
   0.00002026    -0.232
   0.00002028    -0.232
    0.0000203    -0.232
   0.00002032    -0.232
   0.00002034    -0.232
   0.00002036    -0.232
   0.00002038    -0.224
    0.0000204    -0.224
   0.00002042    -0.224
   0.00002044    -0.216
   0.00002046    -0.216
   0.00002048    -0.216
    0.0000205    -0.216
   0.00002052    -0.216
   0.00002054    -0.208
   0.00002056    -0.208
   0.00002058    -0.208
    0.0000206      -0.2
   0.00002062      -0.2
   0.00002064      -0.2
   0.00002066      -0.2
   0.00002068    -0.192
    0.0000207    -0.192
   0.00002072    -0.192
   0.00002074    -0.184
   0.00002076    -0.184
   0.00002078    -0.184
    0.0000208    -0.176
   0.00002082    -0.176
   0.00002084    -0.176
   0.00002086    -0.176
   0.00002088    -0.168
    0.0000209    -0.168
   0.00002092    -0.168
   0.00002094     -0.16
   0.00002096     -0.16
   0.00002098     -0.16
     0.000021    -0.152
   0.00002102    -0.152
   0.00002104    -0.152
   0.00002106    -0.152
   0.00002108    -0.144
    0.0000211    -0.144
   0.00002112    -0.136
   0.00002114    -0.136
   0.00002116    -0.136
   0.00002118    -0.128
    0.0000212    -0.128
   0.00002122    -0.128
   0.00002124     -0.12
   0.00002126     -0.12
   0.00002128     -0.12
    0.0000213    -0.112
   0.00002132    -0.112
   0.00002134    -0.112
   0.00002136    -0.104
   0.00002138    -0.104
    0.0000214    -0.104
   0.00002142    -0.096
   0.00002144    -0.096
   0.00002146    -0.088
   0.00002148    -0.088
    0.0000215    -0.088
   0.00002152     -0.08
   0.00002154     -0.08
   0.00002156     -0.08
   0.00002158    -0.072
    0.0000216    -0.072
   0.00002162    -0.064
   0.00002164    -0.064
   0.00002166    -0.064
   0.00002168    -0.056
    0.0000217    -0.056
   0.00002172    -0.056
   0.00002174    -0.048
   0.00002176    -0.048
   0.00002178     -0.04
    0.0000218     -0.04
   0.00002182     -0.04
   0.00002184     -0.04
   0.00002186    -0.032
   0.00002188    -0.032
    0.0000219    -0.024
   0.00002192    -0.024
   0.00002194    -0.024
   0.00002196    -0.016
   0.00002198    -0.016
     0.000022    -0.016
   0.00002202    -0.008
   0.00002204    -0.008
   0.00002206    -0.008
   0.00002208         0
    0.0000221         0
   0.00002212         0
   0.00002214     0.008
   0.00002216     0.008
   0.00002218     0.016
    0.0000222     0.016
   0.00002222     0.016
   0.00002224     0.024
   0.00002226     0.024
   0.00002228     0.024
    0.0000223     0.032
   0.00002232     0.032
   0.00002234      0.04
   0.00002236     0.032
   0.00002238      0.04
    0.0000224      0.04
   0.00002242     0.048
   0.00002244     0.048
   0.00002246     0.048
   0.00002248     0.048
    0.0000225     0.056
   0.00002252     0.056
   0.00002254     0.064
   0.00002256     0.064
   0.00002258     0.064
    0.0000226     0.064
   0.00002262     0.072
   0.00002264     0.072
   0.00002266     0.072
   0.00002268      0.08
    0.0000227      0.08
   0.00002272      0.08
   0.00002274      0.08
   0.00002276     0.088
   0.00002278     0.088
    0.0000228     0.088
   0.00002282     0.088
   0.00002284     0.096
   0.00002286     0.096
   0.00002288     0.096
    0.0000229     0.104
   0.00002292     0.104
   0.00002294     0.104
   0.00002296     0.104
   0.00002298     0.112
     0.000023     0.112
   0.00002302     0.112
   0.00002304     0.112
   0.00002306      0.12
   0.00002308      0.12
    0.0000231      0.12
   0.00002312      0.12
   0.00002314     0.128
   0.00002316     0.128
   0.00002318     0.128
    0.0000232     0.128
   0.00002322     0.128
   0.00002324     0.136
   0.00002326     0.136
   0.00002328     0.136
    0.0000233     0.136
   0.00002332     0.144
   0.00002334     0.144
   0.00002336     0.144
   0.00002338     0.144
    0.0000234     0.144
   0.00002342     0.144
   0.00002344     0.152
   0.00002346     0.144
   0.00002348     0.152
    0.0000235     0.152
   0.00002352     0.152
   0.00002354     0.152
   0.00002356     0.152
   0.00002358      0.16
    0.0000236      0.16
   0.00002362      0.16
   0.00002364      0.16
   0.00002366      0.16
   0.00002368      0.16
    0.0000237     0.168
   0.00002372     0.168
   0.00002374     0.168
   0.00002376     0.168
   0.00002378     0.168
    0.0000238     0.168
   0.00002382     0.168
   0.00002384     0.168
   0.00002386     0.168
   0.00002388     0.168
    0.0000239     0.168
   0.00002392     0.168
   0.00002394     0.176
   0.00002396     0.176
   0.00002398     0.176
     0.000024     0.176
   0.00002402     0.176
   0.00002404     0.176
   0.00002406     0.176
   0.00002408     0.176
    0.0000241     0.176
   0.00002412     0.176
   0.00002414     0.176
   0.00002416     0.176
   0.00002418     0.176
    0.0000242     0.176
   0.00002422     0.176
   0.00002424     0.176
   0.00002426     0.176
   0.00002428     0.176
    0.0000243     0.176
   0.00002432     0.176
   0.00002434     0.176
   0.00002436     0.176
   0.00002438     0.176
    0.0000244     0.176
   0.00002442     0.176
   0.00002444     0.176
   0.00002446     0.176
   0.00002448     0.176
    0.0000245     0.176
   0.00002452     0.176
   0.00002454     0.176
   0.00002456     0.176
   0.00002458     0.176
    0.0000246     0.176
   0.00002462     0.176
   0.00002464     0.176
   0.00002466     0.176
   0.00002468     0.176
    0.0000247     0.176
   0.00002472     0.176
   0.00002474     0.176
   0.00002476     0.168
   0.00002478     0.168
    0.0000248     0.168
   0.00002482     0.168
   0.00002484     0.168
   0.00002486     0.168
   0.00002488     0.168
    0.0000249     0.168
   0.00002492     0.168
   0.00002494     0.168
   0.00002496      0.16
   0.00002498      0.16
     0.000025      0.16
   0.00002502      0.16
   0.00002504      0.16
   0.00002506      0.16
   0.00002508      0.16
    0.0000251      0.16
   0.00002512     0.152
   0.00002514     0.152
   0.00002516     0.152
   0.00002518     0.152
    0.0000252     0.152
   0.00002522     0.152
   0.00002524     0.152
   0.00002526     0.144
   0.00002528     0.144
    0.0000253     0.144
   0.00002532     0.144
   0.00002534     0.144
   0.00002536     0.144
   0.00002538     0.136
    0.0000254     0.136
   0.00002542     0.136
   0.00002544     0.136
   0.00002546     0.136
   0.00002548     0.128
    0.0000255     0.128
   0.00002552     0.128
   0.00002554     0.128
   0.00002556     0.128
   0.00002558     0.128
    0.0000256     0.128
   0.00002562      0.12
   0.00002564      0.12
   0.00002566      0.12
   0.00002568      0.12
    0.0000257     0.112
   0.00002572     0.112
   0.00002574     0.112
   0.00002576     0.112
   0.00002578     0.112
    0.0000258     0.112
   0.00002582     0.104
   0.00002584     0.104
   0.00002586     0.104
   0.00002588     0.104
    0.0000259     0.096
   0.00002592     0.096
   0.00002594     0.096
   0.00002596     0.096
   0.00002598     0.096
     0.000026     0.088
   0.00002602     0.088
   0.00002604     0.088
   0.00002606     0.088
   0.00002608      0.08
    0.0000261      0.08
   0.00002612      0.08
   0.00002614      0.08
   0.00002616     0.072
   0.00002618     0.072
    0.0000262     0.072
   0.00002622     0.072
   0.00002624     0.072
   0.00002626     0.072
   0.00002628     0.064
    0.0000263     0.064
   0.00002632     0.064
   0.00002634     0.056
   0.00002636     0.056
   0.00002638     0.056
    0.0000264     0.056
   0.00002642     0.048
   0.00002644     0.048
   0.00002646     0.048
   0.00002648      0.04
    0.0000265      0.04
   0.00002652      0.04
   0.00002654      0.04
   0.00002656      0.04
   0.00002658     0.032
    0.0000266     0.032
   0.00002662     0.032
   0.00002664     0.032
   0.00002666     0.032
   0.00002668     0.024
    0.0000267     0.024
   0.00002672     0.024
   0.00002674     0.016
   0.00002676     0.016
   0.00002678     0.016
    0.0000268     0.016
   0.00002682     0.016
   0.00002684     0.008
   0.00002686     0.008
   0.00002688     0.008
    0.0000269     0.008
   0.00002692         0
   0.00002694         0
   0.00002696         0
   0.00002698         0
     0.000027         0
   0.00002702    -0.008
   0.00002704    -0.008
   0.00002706    -0.008
   0.00002708    -0.016
    0.0000271    -0.016
   0.00002712    -0.016
   0.00002714    -0.016
   0.00002716    -0.016
   0.00002718    -0.016
    0.0000272    -0.024
   0.00002722    -0.024
   0.00002724    -0.024
   0.00002726    -0.024
   0.00002728    -0.032
    0.0000273    -0.032
   0.00002732    -0.032
   0.00002734    -0.032
   0.00002736    -0.032
   0.00002738     -0.04
    0.0000274     -0.04
   0.00002742     -0.04
   0.00002744     -0.04
   0.00002746    -0.048
   0.00002748    -0.048
    0.0000275    -0.048
   0.00002752    -0.048
   0.00002754    -0.048
   0.00002756    -0.056
   0.00002758    -0.056
    0.0000276    -0.056
   0.00002762    -0.056
   0.00002764    -0.056
   0.00002766    -0.064
   0.00002768    -0.064
    0.0000277    -0.064
   0.00002772    -0.064
   0.00002774    -0.064
   0.00002776    -0.064
   0.00002778    -0.072
    0.0000278    -0.072
   0.00002782    -0.072
   0.00002784    -0.072
   0.00002786    -0.072
   0.00002788    -0.072
    0.0000279    -0.072
   0.00002792     -0.08
   0.00002794     -0.08
   0.00002796     -0.08
   0.00002798     -0.08
     0.000028     -0.08
   0.00002802    -0.088
   0.00002804    -0.088
   0.00002806    -0.088
   0.00002808    -0.088
    0.0000281    -0.088
   0.00002812    -0.088
   0.00002814    -0.088
   0.00002816    -0.088
   0.00002818    -0.088
    0.0000282    -0.096
   0.00002822    -0.096
   0.00002824    -0.096
   0.00002826    -0.096
   0.00002828    -0.096
    0.0000283    -0.096
   0.00002832    -0.096
   0.00002834    -0.096
   0.00002836    -0.104
   0.00002838    -0.104
    0.0000284    -0.104
   0.00002842    -0.104
   0.00002844    -0.104
   0.00002846    -0.104
   0.00002848    -0.104
    0.0000285    -0.104
   0.00002852    -0.104
   0.00002854    -0.112
   0.00002856    -0.104
   0.00002858    -0.112
    0.0000286    -0.112
   0.00002862    -0.112
   0.00002864    -0.112
   0.00002866    -0.112
   0.00002868    -0.112
    0.0000287    -0.112
   0.00002872    -0.112
   0.00002874    -0.112
   0.00002876    -0.112
   0.00002878    -0.112
    0.0000288    -0.112
   0.00002882    -0.112
   0.00002884     -0.12
   0.00002886    -0.112
   0.00002888    -0.112
    0.0000289     -0.12
   0.00002892    -0.112
   0.00002894     -0.12
   0.00002896     -0.12
   0.00002898     -0.12
     0.000029     -0.12
   0.00002902     -0.12
   0.00002904     -0.12
   0.00002906     -0.12
   0.00002908     -0.12
    0.0000291     -0.12
   0.00002912     -0.12
   0.00002914     -0.12
   0.00002916     -0.12
   0.00002918     -0.12
    0.0000292     -0.12
   0.00002922     -0.12
   0.00002924     -0.12
   0.00002926     -0.12
   0.00002928     -0.12
    0.0000293     -0.12
   0.00002932     -0.12
   0.00002934     -0.12
   0.00002936     -0.12
   0.00002938     -0.12
    0.0000294    -0.112
   0.00002942     -0.12
   0.00002944     -0.12
   0.00002946     -0.12
   0.00002948     -0.12
    0.0000295     -0.12
   0.00002952    -0.112
   0.00002954     -0.12
   0.00002956    -0.112
   0.00002958     -0.12
    0.0000296    -0.112
   0.00002962    -0.112
   0.00002964    -0.112
   0.00002966    -0.112
   0.00002968    -0.112
    0.0000297    -0.112
   0.00002972    -0.112
   0.00002974    -0.112
   0.00002976    -0.112
   0.00002978    -0.112
    0.0000298    -0.112
   0.00002982    -0.112
   0.00002984    -0.112
   0.00002986    -0.112
   0.00002988    -0.104
    0.0000299    -0.104
   0.00002992    -0.104
   0.00002994    -0.104
   0.00002996    -0.104
   0.00002998    -0.104
      0.00003    -0.104
   0.00003002    -0.104
   0.00003004    -0.104
   0.00003006    -0.104
   0.00003008    -0.104
    0.0000301    -0.096
   0.00003012    -0.096
   0.00003014    -0.096
   0.00003016    -0.096
   0.00003018    -0.096
    0.0000302    -0.096
   0.00003022    -0.096
   0.00003024    -0.096
   0.00003026    -0.096
   0.00003028    -0.088
    0.0000303    -0.096
   0.00003032    -0.088
   0.00003034    -0.088
   0.00003036    -0.088
   0.00003038    -0.088
    0.0000304    -0.088
   0.00003042    -0.088
   0.00003044    -0.088
   0.00003046     -0.08
   0.00003048     -0.08
    0.0000305     -0.08
   0.00003052     -0.08
   0.00003054     -0.08
   0.00003056     -0.08
   0.00003058     -0.08
    0.0000306     -0.08
   0.00003062    -0.072
   0.00003064    -0.072
   0.00003066    -0.072
   0.00003068    -0.072
    0.0000307    -0.072
   0.00003072    -0.072
   0.00003074    -0.072
   0.00003076    -0.072
   0.00003078    -0.064
    0.0000308    -0.064
   0.00003082    -0.064
   0.00003084    -0.064
   0.00003086    -0.064
   0.00003088    -0.064
    0.0000309    -0.056
   0.00003092    -0.056
   0.00003094    -0.056
   0.00003096    -0.056
   0.00003098    -0.056
     0.000031    -0.056
   0.00003102    -0.056
   0.00003104    -0.048
   0.00003106    -0.048
   0.00003108    -0.048
    0.0000311    -0.048
   0.00003112    -0.048
   0.00003114    -0.048
   0.00003116     -0.04
   0.00003118     -0.04
    0.0000312     -0.04
   0.00003122     -0.04
   0.00003124     -0.04
   0.00003126     -0.04
   0.00003128     -0.04
    0.0000313    -0.032
   0.00003132    -0.032
   0.00003134    -0.032
   0.00003136    -0.032
   0.00003138    -0.032
    0.0000314    -0.024
   0.00003142    -0.024
   0.00003144    -0.024
   0.00003146    -0.024
   0.00003148    -0.024
    0.0000315    -0.024
   0.00003152    -0.024
   0.00003154    -0.024
   0.00003156    -0.016
   0.00003158    -0.016
    0.0000316    -0.016
   0.00003162    -0.016
   0.00003164    -0.016
   0.00003166    -0.016
   0.00003168    -0.008
    0.0000317    -0.008
   0.00003172    -0.008
   0.00003174    -0.008
   0.00003176    -0.008
   0.00003178    -0.008
    0.0000318         0
   0.00003182         0
   0.00003184         0
   0.00003186         0
   0.00003188         0
    0.0000319         0
   0.00003192         0
   0.00003194     0.008
   0.00003196     0.008
   0.00003198     0.008
     0.000032     0.008
   0.00003202     0.008
   0.00003204     0.016
   0.00003206     0.016
   0.00003208     0.016
    0.0000321     0.016
   0.00003212     0.016
   0.00003214     0.016
   0.00003216     0.016
   0.00003218     0.024
    0.0000322     0.024
   0.00003222     0.024
   0.00003224     0.024
   0.00003226     0.024
   0.00003228     0.024
    0.0000323     0.024
   0.00003232     0.024
   0.00003234     0.032
   0.00003236     0.032
   0.00003238     0.032
    0.0000324     0.032
   0.00003242     0.032
   0.00003244     0.032
   0.00003246     0.032
   0.00003248     0.032
    0.0000325      0.04
   0.00003252      0.04
   0.00003254      0.04
   0.00003256      0.04
   0.00003258      0.04
    0.0000326      0.04
   0.00003262      0.04
   0.00003264      0.04
   0.00003266      0.04
   0.00003268     0.048
    0.0000327     0.048
   0.00003272     0.048
   0.00003274     0.048
   0.00003276     0.048
   0.00003278     0.048
    0.0000328     0.048
   0.00003282     0.048
   0.00003284     0.048
   0.00003286     0.048
   0.00003288     0.056
    0.0000329     0.056
   0.00003292     0.056
   0.00003294     0.056
   0.00003296     0.056
   0.00003298     0.056
     0.000033     0.056
   0.00003302     0.056
   0.00003304     0.056
   0.00003306     0.064
   0.00003308     0.064
    0.0000331     0.064
   0.00003312     0.064
   0.00003314     0.064
   0.00003316     0.064
   0.00003318     0.064
    0.0000332     0.064
   0.00003322     0.064
   0.00003324     0.064
   0.00003326     0.064
   0.00003328     0.064
    0.0000333     0.064
   0.00003332     0.064
   0.00003334     0.072
   0.00003336     0.072
   0.00003338     0.072
    0.0000334     0.072
   0.00003342     0.072
   0.00003344     0.072
   0.00003346     0.072
   0.00003348     0.072
    0.0000335     0.072
   0.00003352     0.072
   0.00003354     0.072
   0.00003356     0.072
   0.00003358     0.072
    0.0000336     0.072
   0.00003362     0.072
   0.00003364     0.072
   0.00003366     0.072
   0.00003368     0.072
    0.0000337     0.072
   0.00003372      0.08
   0.00003374     0.072
   0.00003376     0.072
   0.00003378     0.072
    0.0000338     0.072
   0.00003382      0.08
   0.00003384      0.08
   0.00003386     0.072
   0.00003388      0.08
    0.0000339      0.08
   0.00003392      0.08
   0.00003394     0.072
   0.00003396      0.08
   0.00003398      0.08
     0.000034      0.08
   0.00003402      0.08
   0.00003404      0.08
   0.00003406      0.08
   0.00003408      0.08
    0.0000341      0.08
   0.00003412      0.08
   0.00003414      0.08
   0.00003416      0.08
   0.00003418      0.08
    0.0000342      0.08
   0.00003422     0.072
   0.00003424      0.08
   0.00003426      0.08
   0.00003428     0.072
    0.0000343     0.072
   0.00003432     0.072
   0.00003434     0.072
   0.00003436     0.072
   0.00003438     0.072
    0.0000344     0.072
   0.00003442     0.072
   0.00003444     0.072
   0.00003446     0.072
   0.00003448     0.072
    0.0000345     0.072
   0.00003452     0.072
   0.00003454     0.072
   0.00003456     0.072
   0.00003458     0.072
    0.0000346     0.072
   0.00003462     0.072
   0.00003464     0.072
   0.00003466     0.072
   0.00003468     0.072
    0.0000347     0.072
   0.00003472     0.072
   0.00003474     0.072
   0.00003476     0.072
   0.00003478     0.072
    0.0000348     0.064
   0.00003482     0.072
   0.00003484     0.072
   0.00003486     0.072
   0.00003488     0.064
    0.0000349     0.064
   0.00003492     0.064
   0.00003494     0.064
   0.00003496     0.064
   0.00003498     0.064
     0.000035     0.064
   0.00003502     0.064
   0.00003504     0.064
   0.00003506     0.064
   0.00003508     0.064
    0.0000351     0.064
   0.00003512     0.064
   0.00003514     0.064
   0.00003516     0.056
   0.00003518     0.056
    0.0000352     0.056
   0.00003522     0.056
   0.00003524     0.056
   0.00003526     0.056
   0.00003528     0.056
    0.0000353     0.056
   0.00003532     0.056
   0.00003534     0.056
   0.00003536     0.056
   0.00003538     0.056
    0.0000354     0.056
   0.00003542     0.048
   0.00003544     0.048
   0.00003546     0.048
   0.00003548     0.048
    0.0000355     0.048
   0.00003552     0.048
   0.00003554     0.048
   0.00003556     0.048
   0.00003558     0.048
    0.0000356     0.048
   0.00003562     0.048
   0.00003564      0.04
   0.00003566      0.04
   0.00003568      0.04
    0.0000357      0.04
   0.00003572      0.04
   0.00003574      0.04
   0.00003576      0.04
   0.00003578      0.04
    0.0000358     0.032
   0.00003582      0.04
   0.00003584     0.032
   0.00003586     0.032
   0.00003588     0.032
    0.0000359     0.032
   0.00003592     0.032
   0.00003594     0.032
   0.00003596     0.032
   0.00003598     0.032
     0.000036     0.032
   0.00003602     0.032
   0.00003604     0.024
   0.00003606     0.024
   0.00003608     0.024
    0.0000361     0.024
   0.00003612     0.024
   0.00003614     0.024
   0.00003616     0.024
   0.00003618     0.024
    0.0000362     0.024
   0.00003622     0.016
   0.00003624     0.016
   0.00003626     0.016
   0.00003628     0.016
    0.0000363     0.016
   0.00003632     0.016
   0.00003634     0.016
   0.00003636     0.016
   0.00003638     0.016
    0.0000364     0.016
   0.00003642     0.016
   0.00003644     0.008
   0.00003646     0.008
   0.00003648     0.008
    0.0000365     0.008
   0.00003652     0.008
   0.00003654     0.008
   0.00003656     0.008
   0.00003658         0
    0.0000366         0
   0.00003662         0
   0.00003664         0
   0.00003666         0
   0.00003668         0
    0.0000367         0
   0.00003672         0
   0.00003674         0
   0.00003676         0
   0.00003678         0
    0.0000368         0
   0.00003682    -0.008
   0.00003684    -0.008
   0.00003686    -0.008
   0.00003688    -0.008
    0.0000369    -0.008
   0.00003692    -0.008
   0.00003694    -0.008
   0.00003696    -0.016
   0.00003698    -0.008
     0.000037    -0.008
   0.00003702    -0.008
   0.00003704    -0.016
   0.00003706    -0.016
   0.00003708    -0.016
    0.0000371    -0.016
   0.00003712    -0.016
   0.00003714    -0.016
   0.00003716    -0.016
   0.00003718    -0.016
    0.0000372    -0.016
   0.00003722    -0.016
   0.00003724    -0.024
   0.00003726    -0.024
   0.00003728    -0.024
    0.0000373    -0.024
   0.00003732    -0.024
   0.00003734    -0.024
   0.00003736    -0.024
   0.00003738    -0.024
    0.0000374    -0.024
   0.00003742    -0.024
   0.00003744    -0.024
   0.00003746    -0.024
   0.00003748    -0.032
    0.0000375    -0.032
   0.00003752    -0.032
   0.00003754    -0.032
   0.00003756    -0.032
   0.00003758    -0.032
    0.0000376    -0.032
   0.00003762    -0.032
   0.00003764    -0.032
   0.00003766    -0.032
   0.00003768    -0.032
    0.0000377     -0.04
   0.00003772    -0.032
   0.00003774    -0.032
   0.00003776     -0.04
   0.00003778     -0.04
    0.0000378     -0.04
   0.00003782     -0.04
   0.00003784     -0.04
   0.00003786     -0.04
   0.00003788     -0.04
    0.0000379     -0.04
   0.00003792     -0.04
   0.00003794     -0.04
   0.00003796     -0.04
   0.00003798     -0.04
     0.000038     -0.04
   0.00003802     -0.04
   0.00003804     -0.04
   0.00003806    -0.048
   0.00003808     -0.04
    0.0000381    -0.048
   0.00003812    -0.048
   0.00003814    -0.048
   0.00003816    -0.048
   0.00003818    -0.048
    0.0000382    -0.048
   0.00003822    -0.048
   0.00003824    -0.048
   0.00003826    -0.048
   0.00003828    -0.048
    0.0000383    -0.048
   0.00003832    -0.048
   0.00003834    -0.048
   0.00003836    -0.048
   0.00003838    -0.048
    0.0000384    -0.048
   0.00003842    -0.048
   0.00003844    -0.048
   0.00003846    -0.048
   0.00003848    -0.048
    0.0000385    -0.048
   0.00003852    -0.048
   0.00003854    -0.048
   0.00003856    -0.048
   0.00003858    -0.048
    0.0000386    -0.056
   0.00003862    -0.056
   0.00003864    -0.048
   0.00003866    -0.048
   0.00003868    -0.048
    0.0000387    -0.056
   0.00003872    -0.048
   0.00003874    -0.048
   0.00003876    -0.056
   0.00003878    -0.056
    0.0000388    -0.048
   0.00003882    -0.056
   0.00003884    -0.056
   0.00003886    -0.048
   0.00003888    -0.056
    0.0000389    -0.048
   0.00003892    -0.056
   0.00003894    -0.056
   0.00003896    -0.048
   0.00003898    -0.056
     0.000039    -0.048
   0.00003902    -0.056
   0.00003904    -0.048
   0.00003906    -0.056
   0.00003908    -0.048
    0.0000391    -0.048
   0.00003912    -0.048
   0.00003914    -0.056
   0.00003916    -0.048
   0.00003918    -0.048
    0.0000392    -0.048
   0.00003922    -0.048
   0.00003924    -0.056
   0.00003926    -0.048
   0.00003928    -0.048
    0.0000393    -0.048
   0.00003932    -0.056
   0.00003934    -0.048
   0.00003936    -0.048
   0.00003938    -0.048
    0.0000394    -0.048
   0.00003942    -0.048
   0.00003944    -0.048
   0.00003946    -0.048
   0.00003948    -0.048
    0.0000395    -0.048
   0.00003952    -0.048
   0.00003954    -0.048
   0.00003956    -0.048
   0.00003958    -0.048
    0.0000396    -0.048
   0.00003962    -0.048
   0.00003964    -0.048
   0.00003966    -0.048
   0.00003968    -0.048
    0.0000397    -0.048
   0.00003972    -0.048
   0.00003974    -0.048
   0.00003976    -0.048
   0.00003978    -0.048
    0.0000398    -0.048
   0.00003982    -0.048
   0.00003984     -0.04
   0.00003986     -0.04
   0.00003988     -0.04
    0.0000399     -0.04
   0.00003992     -0.04
   0.00003994     -0.04
   0.00003996     -0.04
   0.00003998     -0.04
      0.00004     -0.04
   0.00004002     -0.04
   0.00004004     -0.04
   0.00004006     -0.04
   0.00004008     -0.04
    0.0000401     -0.04
   0.00004012     -0.04
   0.00004014     -0.04
   0.00004016     -0.04
   0.00004018     -0.04
    0.0000402    -0.032
   0.00004022     -0.04
   0.00004024     -0.04
   0.00004026    -0.032
   0.00004028    -0.032
    0.0000403    -0.032
   0.00004032     -0.04
   0.00004034    -0.032
   0.00004036    -0.032
   0.00004038    -0.032
    0.0000404    -0.032
   0.00004042    -0.032
   0.00004044    -0.032
   0.00004046    -0.032
   0.00004048    -0.032
    0.0000405    -0.032
   0.00004052    -0.032
   0.00004054    -0.032
   0.00004056    -0.032
   0.00004058    -0.032
    0.0000406    -0.032
   0.00004062    -0.032
   0.00004064    -0.024
   0.00004066    -0.024
   0.00004068    -0.024
    0.0000407    -0.024
   0.00004072    -0.024
   0.00004074    -0.024
   0.00004076    -0.024
   0.00004078    -0.024
    0.0000408    -0.024
   0.00004082    -0.024
   0.00004084    -0.024
   0.00004086    -0.016
   0.00004088    -0.016
    0.0000409    -0.016
   0.00004092    -0.016
   0.00004094    -0.016
   0.00004096    -0.016
   0.00004098    -0.016
     0.000041    -0.016
   0.00004102    -0.016
   0.00004104    -0.016
   0.00004106    -0.016
   0.00004108    -0.016
    0.0000411    -0.016
   0.00004112    -0.016
   0.00004114    -0.016
   0.00004116    -0.016
   0.00004118    -0.008
    0.0000412    -0.008
   0.00004122    -0.008
   0.00004124    -0.008
   0.00004126    -0.008
   0.00004128    -0.008
    0.0000413    -0.008
   0.00004132    -0.008
   0.00004134    -0.008
   0.00004136    -0.008
   0.00004138    -0.008
    0.0000414    -0.008
   0.00004142    -0.008
   0.00004144    -0.008
   0.00004146         0
   0.00004148         0
    0.0000415         0
   0.00004152    -0.008
   0.00004154         0
   0.00004156         0
   0.00004158         0
    0.0000416         0
   0.00004162         0
   0.00004164         0
   0.00004166         0
   0.00004168         0
    0.0000417         0
   0.00004172     0.008
   0.00004174     0.008
   0.00004176     0.008
   0.00004178         0
    0.0000418     0.008
   0.00004182     0.008
   0.00004184     0.008
   0.00004186     0.008
   0.00004188     0.008
    0.0000419     0.008
   0.00004192     0.008
   0.00004194     0.008
   0.00004196     0.008
   0.00004198     0.008
     0.000042     0.008
   0.00004202     0.008
   0.00004204     0.008
   0.00004206     0.008
   0.00004208     0.016
    0.0000421     0.016
   0.00004212     0.016
   0.00004214     0.008
   0.00004216     0.016
   0.00004218     0.016
    0.0000422     0.016
   0.00004222     0.016
   0.00004224     0.016
   0.00004226     0.016
   0.00004228     0.016
    0.0000423     0.016
   0.00004232     0.016
   0.00004234     0.016
   0.00004236     0.016
   0.00004238     0.016
    0.0000424     0.016
   0.00004242     0.016
   0.00004244     0.016
   0.00004246     0.024
   0.00004248     0.024
    0.0000425     0.024
   0.00004252     0.016
   0.00004254     0.024
   0.00004256     0.024
   0.00004258     0.024
    0.0000426     0.024
   0.00004262     0.024
   0.00004264     0.024
   0.00004266     0.024
   0.00004268     0.024
    0.0000427     0.024
   0.00004272     0.024
   0.00004274     0.024
   0.00004276     0.024
   0.00004278     0.024
    0.0000428     0.024
   0.00004282     0.024
   0.00004284     0.024
   0.00004286     0.024
   0.00004288     0.024
    0.0000429     0.032
   0.00004292     0.032
   0.00004294     0.032
   0.00004296     0.032
   0.00004298     0.032
     0.000043     0.032
   0.00004302     0.024
   0.00004304     0.024
   0.00004306     0.032
   0.00004308     0.032
    0.0000431     0.032
   0.00004312     0.032
   0.00004314     0.032
   0.00004316     0.032
   0.00004318     0.032
    0.0000432     0.032
   0.00004322     0.032
   0.00004324     0.032
   0.00004326     0.032
   0.00004328     0.032
    0.0000433     0.032
   0.00004332     0.032
   0.00004334     0.032
   0.00004336     0.032
   0.00004338     0.032
    0.0000434     0.032
   0.00004342     0.032
   0.00004344     0.032
   0.00004346     0.032
   0.00004348     0.032
    0.0000435     0.032
   0.00004352     0.032
   0.00004354     0.032
   0.00004356     0.032
   0.00004358     0.032
    0.0000436     0.032
   0.00004362     0.032
   0.00004364     0.032
   0.00004366     0.032
   0.00004368     0.032
    0.0000437     0.032
   0.00004372     0.032
   0.00004374     0.032
   0.00004376     0.032
   0.00004378     0.032
    0.0000438     0.032
   0.00004382     0.032
   0.00004384     0.032
   0.00004386     0.032
   0.00004388     0.032
    0.0000439     0.032
   0.00004392     0.032
   0.00004394     0.032
   0.00004396     0.032
   0.00004398     0.032
     0.000044     0.032
   0.00004402     0.032
   0.00004404     0.032
   0.00004406     0.032
   0.00004408     0.032
    0.0000441     0.032
   0.00004412     0.032
   0.00004414     0.032
   0.00004416     0.032
   0.00004418     0.032
    0.0000442     0.032
   0.00004422     0.032
   0.00004424     0.032
   0.00004426     0.032
   0.00004428     0.032
    0.0000443     0.032
   0.00004432     0.032
   0.00004434     0.032
   0.00004436     0.032
   0.00004438     0.032
    0.0000444     0.032
   0.00004442     0.032
   0.00004444     0.032
   0.00004446     0.032
   0.00004448     0.032
    0.0000445     0.032
   0.00004452     0.032
   0.00004454     0.032
   0.00004456     0.032
   0.00004458     0.024
    0.0000446     0.032
   0.00004462     0.024
   0.00004464     0.032
   0.00004466     0.032
   0.00004468     0.032
    0.0000447     0.024
   0.00004472     0.032
   0.00004474     0.032
   0.00004476     0.024
   0.00004478     0.024
    0.0000448     0.024
   0.00004482     0.032
   0.00004484     0.032
   0.00004486     0.032
   0.00004488     0.024
    0.0000449     0.024
   0.00004492     0.024
   0.00004494     0.024
   0.00004496     0.024
   0.00004498     0.024
     0.000045     0.024
   0.00004502     0.024
   0.00004504     0.024
   0.00004506     0.024
   0.00004508     0.024
    0.0000451     0.024
   0.00004512     0.024
   0.00004514     0.024
   0.00004516     0.024
   0.00004518     0.024
    0.0000452     0.024
   0.00004522     0.024
   0.00004524     0.024
   0.00004526     0.024
   0.00004528     0.024
    0.0000453     0.016
   0.00004532     0.016
   0.00004534     0.016
   0.00004536     0.016
   0.00004538     0.016
    0.0000454     0.016
   0.00004542     0.016
   0.00004544     0.016
   0.00004546     0.016
   0.00004548     0.016
    0.0000455     0.016
   0.00004552     0.016
   0.00004554     0.016
   0.00004556     0.016
   0.00004558     0.016
    0.0000456     0.016
   0.00004562     0.016
   0.00004564     0.016
   0.00004566     0.016
   0.00004568     0.008
    0.0000457     0.016
   0.00004572     0.008
   0.00004574     0.016
   0.00004576     0.016
   0.00004578     0.008
    0.0000458     0.008
   0.00004582     0.008
   0.00004584     0.008
   0.00004586     0.008
   0.00004588     0.008
    0.0000459     0.008
   0.00004592     0.008
   0.00004594     0.008
   0.00004596     0.008
   0.00004598     0.008
     0.000046     0.008
   0.00004602     0.008
   0.00004604     0.008
   0.00004606     0.008
   0.00004608     0.008
    0.0000461     0.008
   0.00004612     0.008
   0.00004614     0.008
   0.00004616     0.008
   0.00004618         0
    0.0000462         0
   0.00004622         0
   0.00004624         0
   0.00004626         0
   0.00004628         0
    0.0000463         0
   0.00004632         0
   0.00004634         0
   0.00004636         0
   0.00004638         0
    0.0000464         0
   0.00004642         0
   0.00004644         0
   0.00004646         0
   0.00004648         0
    0.0000465         0
   0.00004652         0
   0.00004654         0
   0.00004656         0
   0.00004658         0
    0.0000466         0
   0.00004662         0
   0.00004664         0
   0.00004666    -0.008
   0.00004668    -0.008
    0.0000467    -0.008
   0.00004672    -0.008
   0.00004674    -0.008
   0.00004676    -0.008
   0.00004678    -0.008
    0.0000468    -0.008
   0.00004682    -0.008
   0.00004684    -0.008
   0.00004686    -0.008
   0.00004688    -0.008
    0.0000469    -0.008
   0.00004692    -0.008
   0.00004694    -0.008
   0.00004696    -0.008
   0.00004698    -0.008
     0.000047    -0.008
   0.00004702    -0.008
   0.00004704    -0.008
   0.00004706    -0.008
   0.00004708    -0.008
    0.0000471    -0.008
   0.00004712    -0.016
   0.00004714    -0.008
   0.00004716    -0.016
   0.00004718    -0.016
    0.0000472    -0.008
   0.00004722    -0.016
   0.00004724    -0.016
   0.00004726    -0.016
   0.00004728    -0.016
    0.0000473    -0.016
   0.00004732    -0.016
   0.00004734    -0.016
   0.00004736    -0.016
   0.00004738    -0.016
    0.0000474    -0.016
   0.00004742    -0.016
   0.00004744    -0.016
   0.00004746    -0.016
   0.00004748    -0.016
    0.0000475    -0.016
   0.00004752    -0.016
   0.00004754    -0.016
   0.00004756    -0.016
   0.00004758    -0.016
    0.0000476    -0.016
   0.00004762    -0.016
   0.00004764    -0.016
   0.00004766    -0.016
   0.00004768    -0.016
    0.0000477    -0.024
   0.00004772    -0.016
   0.00004774    -0.016
   0.00004776    -0.016
   0.00004778    -0.016
    0.0000478    -0.024
   0.00004782    -0.016
   0.00004784    -0.016
   0.00004786    -0.024
   0.00004788    -0.016
    0.0000479    -0.016
   0.00004792    -0.016
   0.00004794    -0.024
   0.00004796    -0.024
   0.00004798    -0.024
     0.000048    -0.024
   0.00004802    -0.024
   0.00004804    -0.024
   0.00004806    -0.024
   0.00004808    -0.024
    0.0000481    -0.024
   0.00004812    -0.024
   0.00004814    -0.024
   0.00004816    -0.024
   0.00004818    -0.024
    0.0000482    -0.024
   0.00004822    -0.024
   0.00004824    -0.024
   0.00004826    -0.024
   0.00004828    -0.024
    0.0000483    -0.024
   0.00004832    -0.024
   0.00004834    -0.024
   0.00004836    -0.024
   0.00004838    -0.024
    0.0000484    -0.024
   0.00004842    -0.024
   0.00004844    -0.024
   0.00004846    -0.024
   0.00004848    -0.024
    0.0000485    -0.024
   0.00004852    -0.024
   0.00004854    -0.024
   0.00004856    -0.024
   0.00004858    -0.024
    0.0000486    -0.024
   0.00004862    -0.024
   0.00004864    -0.024
   0.00004866    -0.024
   0.00004868    -0.024
    0.0000487    -0.024
   0.00004872    -0.024
   0.00004874    -0.024
   0.00004876    -0.024
   0.00004878    -0.024
    0.0000488    -0.024
   0.00004882    -0.024
   0.00004884    -0.024
   0.00004886    -0.024
   0.00004888    -0.024
    0.0000489    -0.024
   0.00004892    -0.024
   0.00004894    -0.024
   0.00004896    -0.024
   0.00004898    -0.024
     0.000049    -0.024
   0.00004902    -0.024
   0.00004904    -0.024
   0.00004906    -0.024
   0.00004908    -0.024
    0.0000491    -0.024
   0.00004912    -0.024
   0.00004914    -0.024
   0.00004916    -0.024
   0.00004918    -0.024
    0.0000492    -0.024
   0.00004922    -0.024
   0.00004924    -0.024
   0.00004926    -0.024
   0.00004928    -0.024
    0.0000493    -0.024
   0.00004932    -0.024
   0.00004934    -0.024
   0.00004936    -0.024
   0.00004938    -0.016
    0.0000494    -0.016
   0.00004942    -0.024
   0.00004944    -0.024
   0.00004946    -0.024
   0.00004948    -0.024
    0.0000495    -0.024
   0.00004952    -0.016
   0.00004954    -0.016
   0.00004956    -0.024
   0.00004958    -0.024
    0.0000496    -0.024
   0.00004962    -0.016
   0.00004964    -0.016
   0.00004966    -0.016
   0.00004968    -0.016
    0.0000497    -0.016
   0.00004972    -0.016
   0.00004974    -0.016
   0.00004976    -0.016
   0.00004978    -0.016
    0.0000498    -0.016
   0.00004982    -0.016
   0.00004984    -0.016
   0.00004986    -0.016
   0.00004988    -0.016
    0.0000499    -0.016
   0.00004992    -0.016
   0.00004994    -0.016
   0.00004996    -0.016
   0.00004998    -0.016
      0.00005    -0.016
   0.00005002    -0.016
   0.00005004    -0.016
   0.00005006    -0.016
   0.00005008    -0.016
    0.0000501    -0.016
   0.00005012    -0.016
   0.00005014    -0.016
   0.00005016    -0.016
   0.00005018    -0.016
    0.0000502    -0.016
   0.00005022    -0.016
   0.00005024    -0.016
   0.00005026    -0.016
   0.00005028    -0.008
    0.0000503    -0.016
   0.00005032    -0.016
   0.00005034    -0.008
   0.00005036    -0.008
   0.00005038    -0.008
    0.0000504    -0.016
   0.00005042    -0.016
   0.00005044    -0.008
   0.00005046    -0.008
   0.00005048    -0.008
    0.0000505    -0.008
   0.00005052    -0.008
   0.00005054    -0.008
   0.00005056    -0.008
   0.00005058    -0.008
    0.0000506    -0.008
   0.00005062    -0.008
   0.00005064    -0.008
   0.00005066    -0.008
   0.00005068    -0.008
    0.0000507    -0.008
   0.00005072    -0.008
   0.00005074    -0.008
   0.00005076    -0.008
   0.00005078    -0.008
    0.0000508    -0.008
   0.00005082    -0.008
   0.00005084    -0.008
   0.00005086    -0.008
   0.00005088    -0.008
    0.0000509    -0.008
   0.00005092         0
   0.00005094    -0.008
   0.00005096    -0.008
   0.00005098    -0.008
     0.000051    -0.008
   0.00005102         0
   0.00005104    -0.008
   0.00005106    -0.008
   0.00005108         0
    0.0000511    -0.008
   0.00005112    -0.008
   0.00005114    -0.008
   0.00005116         0
   0.00005118         0
    0.0000512         0
   0.00005122         0
   0.00005124         0
   0.00005126         0
   0.00005128         0
    0.0000513         0
   0.00005132         0
   0.00005134         0
   0.00005136         0
   0.00005138         0
    0.0000514         0
   0.00005142         0
   0.00005144         0
   0.00005146         0
   0.00005148         0
    0.0000515         0
   0.00005152         0
   0.00005154         0
   0.00005156         0
   0.00005158         0
    0.0000516         0
   0.00005162         0
   0.00005164         0
   0.00005166         0
   0.00005168         0
    0.0000517     0.008
   0.00005172         0
   0.00005174     0.008
   0.00005176     0.008
   0.00005178     0.008
